-1.254339665174484253e-01
1.107948347926139832e-01
9.653027355670928955e-02
-2.308127284049987793e-02
-6.868587434291839600e-02
-1.003800258040428162e-01
4.962852224707603455e-02
-9.059002995491027832e-02
1.217679828405380249e-01
-1.016498059034347534e-01
2.200480103492736816e-01
-5.532324314117431641e-02
-1.960684508085250854e-01
-1.807330697774887085e-01
1.439431589096784592e-02
1.110817492008209229e-01
-9.824300557374954224e-02
-1.743431836366653442e-01
-7.325136661529541016e-02
-1.033764630556106567e-01
5.386637151241302490e-02
-4.978766664862632751e-02
2.891980111598968506e-04
4.503063112497329712e-02
-7.564334571361541748e-02
-3.886995911598205566e-01
-7.013844698667526245e-02
-1.060462296009063721e-01
4.599662125110626221e-02
-1.272201538085937500e-01
1.184566598385572433e-02
4.219948127865791321e-02
-1.623002588748931885e-01
-7.773936539888381958e-02
-7.996276021003723145e-02
1.125886440277099609e-01
-2.504927664995193481e-02
-8.420287072658538818e-02
1.574143022298812866e-01
-4.550068080425262451e-02
-1.575682312250137329e-01
-5.323518812656402588e-02
2.289654128253459930e-02
2.761839330196380615e-01
2.275932580232620239e-01
7.463182322680950165e-03
1.564583927392959595e-02
-2.284885197877883911e-02
5.006539449095726013e-02
-2.041087746620178223e-01
-9.603507816791534424e-03
9.333983063697814941e-02
7.988345623016357422e-02
4.431742429733276367e-02
7.191284000873565674e-02
-1.175890937447547913e-01
4.447786509990692139e-02
6.678204238414764404e-02
-2.048627436161041260e-01
1.765366178005933762e-04
-7.433923892676830292e-03
-1.497425436973571777e-01
-5.795706808567047119e-02
-2.057252079248428345e-02
2.924673855304718018e-01
1.159723326563835144e-01
-6.348961591720581055e-02
-8.763010799884796143e-02
1.763612926006317139e-01
-1.964285075664520264e-01
-5.992740765213966370e-02
1.600035279989242554e-02
-1.004766449332237244e-01
-1.004950553178787231e-01
-2.791281938552856445e-01
8.042877912521362305e-02
3.993895649909973145e-01
1.560589224100112915e-01
-1.799453645944595337e-01
3.779471293091773987e-02
-1.006928384304046631e-01
1.976456679403781891e-02
1.211239397525787354e-01
7.387298345565795898e-02
-1.170573383569717407e-01
-4.955884069204330444e-03
-1.701447665691375732e-01
3.008488006889820099e-02
1.224376112222671509e-01
1.221807021647691727e-02
-7.291342318058013916e-02
1.482712477445602417e-01
-2.640542760491371155e-02
5.636044964194297791e-02
6.485057622194290161e-02
-5.209584534168243408e-02
-1.041200011968612671e-01
5.986897274851799011e-02
-1.171860694885253906e-01
-5.972103029489517212e-02
1.493420302867889404e-01
-1.005399897694587708e-01
2.445189841091632843e-02
1.264392733573913574e-01
-1.396915167570114136e-01
7.094059884548187256e-02
-1.319726463407278061e-02
1.694059558212757111e-02
4.393278062343597412e-02
1.268082531169056892e-03
-8.713229000568389893e-02
-4.920338094234466553e-02
1.261694133281707764e-01
-1.970990747213363647e-01
1.871455758810043335e-01
1.983995735645294189e-01
-6.741893477737903595e-03
1.515385359525680542e-01
1.234531402587890625e-01
6.478640437126159668e-02
-1.498747710138559341e-02
-5.088604986667633057e-02
-1.548684835433959961e-01
2.723862789571285248e-02
6.755632162094116211e-02
-1.061881147325038910e-02
1.086237058043479919e-01
2.903502993285655975e-02
