-1.743794530630111694e-01
5.407754331827163696e-02
1.233648508787155151e-01
2.808012068271636963e-03
-2.320762723684310913e-02
-1.270645856857299805e-01
4.690509289503097534e-03
-7.816616445779800415e-02
1.084004789590835571e-01
-1.062448397278785706e-01
2.193173915147781372e-01
-7.043606042861938477e-02
-1.632612645626068115e-01
-1.609026044607162476e-01
5.213797092437744141e-03
1.025065481662750244e-01
-1.152944117784500122e-01
-1.193043217062950134e-01
-2.247461862862110138e-02
-1.032472923398017883e-01
4.363313317298889160e-02
-3.878520429134368896e-02
1.572156324982643127e-02
-8.808821439743041992e-04
-1.159413531422615051e-01
-3.936706781387329102e-01
-5.806536227464675903e-02
-1.042167767882347107e-01
8.928816765546798706e-02
-8.284094929695129395e-02
-1.353046298027038574e-02
4.598759859800338745e-02
-1.737155318260192871e-01
-5.701021105051040649e-02
-3.934989869594573975e-02
1.328594088554382324e-01
5.525313317775726318e-03
-2.210589498281478882e-02
1.729215234518051147e-01
-6.567233055830001831e-02
-9.937481582164764404e-02
-6.775537133216857910e-02
2.069398015737533569e-02
2.402968108654022217e-01
1.630536615848541260e-01
8.443669974803924561e-02
3.306361660361289978e-02
-4.663340747356414795e-02
6.702511012554168701e-02
-1.715713143348693848e-01
1.614268869161605835e-03
6.904044002294540405e-02
8.933113515377044678e-02
2.133409678936004639e-02
8.292564749717712402e-02
-1.108805388212203979e-01
3.658771514892578125e-02
1.093651261180639267e-02
-1.995089054107666016e-01
5.708954483270645142e-02
-5.061551928520202637e-04
-8.943294733762741089e-02
-6.023212149739265442e-02
-3.605671226978302002e-03
2.916049957275390625e-01
6.449883431196212769e-02
-5.802903324365615845e-02
-8.408493548631668091e-02
1.952118724584579468e-01
-1.993398219347000122e-01
-1.926396414637565613e-02
3.553852438926696777e-02
-5.428601056337356567e-02
-1.164487898349761963e-01
-2.704491019248962402e-01
4.282917082309722900e-02
3.325520753860473633e-01
1.494321972131729126e-01
-1.711390912532806396e-01
4.535849392414093018e-02
-5.791695788502693176e-02
-2.863312512636184692e-02
1.309796571731567383e-01
5.245872586965560913e-02
-1.281264424324035645e-01
3.401433676481246948e-02
-1.362022757530212402e-01
1.650053262710571289e-02
1.703591197729110718e-01
1.657265424728393555e-02
-5.648152902722358704e-02
1.311315000057220459e-01
-9.011700749397277832e-03
7.264935225248336792e-02
3.037619963288307190e-02
-7.870093733072280884e-02
-1.100395396351814270e-01
2.215239033102989197e-02
-1.043664962053298950e-01
-7.353567332029342651e-02
1.713387370109558105e-01
-6.138650327920913696e-02
4.303164780139923096e-02
1.353970766067504883e-01
-1.459274291992187500e-01
8.271093666553497314e-02
-5.052787065505981445e-02
-1.238802075386047363e-02
4.291057586669921875e-02
5.219036340713500977e-02
-1.159084588289260864e-01
-7.111653685569763184e-02
1.123920828104019165e-01
-1.859816014766693115e-01
1.774541735649108887e-01
2.014299333095550537e-01
1.763046160340309143e-02
1.373181641101837158e-01
1.007169932126998901e-01
4.612497985363006592e-02
7.696717977523803711e-03
2.244955301284790039e-02
-1.277156174182891846e-01
-2.219581045210361481e-02
3.987865895032882690e-02
-4.680018126964569092e-02
1.225484907627105713e-01
3.027199953794479370e-02
