-1.333004534244537354e-01
6.582852452993392944e-02
9.811526536941528320e-02
-4.593367502093315125e-02
-8.261554688215255737e-02
-1.025491505861282349e-01
-8.360583335161209106e-03
-1.725893467664718628e-02
9.188510477542877197e-02
-7.289673388004302979e-02
1.905049383640289307e-01
-4.120501503348350525e-02
-1.575092673301696777e-01
-1.357341706752777100e-01
1.194687187671661377e-02
1.020696014165878296e-01
-1.395698338747024536e-01
-1.057459190487861633e-01
-4.729923605918884277e-02
-2.078066766262054443e-02
9.226747602224349976e-02
9.812600910663604736e-04
3.918876126408576965e-02
4.988707602024078369e-03
-8.645451813936233521e-02
-3.990260362625122070e-01
-4.854736104607582092e-02
-9.403929114341735840e-02
1.088790073990821838e-01
-1.045307368040084839e-01
-9.536776691675186157e-03
4.552458971738815308e-02
-1.575356423854827881e-01
-8.164343237876892090e-02
-2.515681087970733643e-03
1.185818761587142944e-01
-3.830403089523315430e-02
-4.869324713945388794e-02
2.016801536083221436e-01
-3.707976639270782471e-02
-1.857154369354248047e-01
-3.066402673721313477e-02
2.907780930399894714e-02
2.817454934120178223e-01
1.759656369686126709e-01
8.542111515998840332e-02
2.125010825693607330e-02
-6.203721463680267334e-02
1.200560480356216431e-01
-1.843068897724151611e-01
8.863794058561325073e-02
7.665458321571350098e-02
1.132095828652381897e-01
4.713946580886840820e-02
1.018099486827850342e-01
-8.997357636690139771e-02
7.649520039558410645e-02
6.820545345544815063e-02
-2.210250347852706909e-01
1.989677175879478455e-02
2.497276663780212402e-02
-8.219153434038162231e-02
-2.816926687955856323e-02
-5.879898369312286377e-02
2.662297785282135010e-01
4.546055197715759277e-02
-8.059858530759811401e-02
-9.758353233337402344e-02
1.142448484897613525e-01
-1.460105925798416138e-01
-6.565781682729721069e-02
6.332409381866455078e-02
-8.692002296447753906e-02
-9.047867357730865479e-02
-2.814440429210662842e-01
2.542327344417572021e-02
3.406588137149810791e-01
1.442398428916931152e-01
-2.095035612583160400e-01
2.107160910964012146e-02
-3.191919624805450439e-02
-4.462036490440368652e-02
1.631779372692108154e-01
1.173519343137741089e-01
-8.740297704935073853e-02
2.571023255586624146e-02
-1.099759191274642944e-01
1.118157804012298584e-02
1.433589905500411987e-01
-2.928192913532257080e-02
-8.618201315402984619e-02
1.210722774267196655e-01
3.693768009543418884e-02
7.535914331674575806e-02
2.812973409891128540e-02
-5.673430860042572021e-02
-1.147183775901794434e-01
2.702561393380165100e-02
-1.384231448173522949e-01
-7.998378574848175049e-02
1.443330049514770508e-01
-1.341903768479824066e-02
-1.098479330539703369e-02
1.291696429252624512e-01
-1.380138248205184937e-01
1.295003443956375122e-01
2.977356314659118652e-03
-2.237156033515930176e-03
4.714398831129074097e-02
-1.558436453342437744e-02
-1.068376153707504272e-01
-6.711404025554656982e-02
7.294813543558120728e-02
-1.983578056097030640e-01
1.976220011711120605e-01
1.741580069065093994e-01
3.011922165751457214e-02
1.238724663853645325e-01
1.114805936813354492e-01
1.487875729799270630e-02
1.330840587615966797e-02
3.814741969108581543e-03
-1.581505239009857178e-01
-1.750724762678146362e-02
1.260593980550765991e-01
-3.253586590290069580e-03
1.457110047340393066e-01
-2.729028463363647461e-03
