-1.323478221893310547e-01
9.449218213558197021e-02
6.723679602146148682e-02
-6.644821166992187500e-02
-3.981407359242439270e-02
-6.332839839160442352e-03
-2.679224498569965363e-02
-4.545166343450546265e-02
1.835646033287048340e-01
-8.727322518825531006e-02
1.841340363025665283e-01
-4.093629308044910431e-03
-2.276392579078674316e-01
-1.191246807575225830e-01
-1.632941886782646179e-02
9.852164983749389648e-02
-1.127649024128913879e-01
-1.185082793235778809e-01
-8.436201512813568115e-02
-1.020173132419586182e-01
6.484863907098770142e-02
1.434195227921009064e-02
7.813959568738937378e-02
6.226436421275138855e-02
-1.548760831356048584e-01
-3.700475394725799561e-01
-7.083212584257125854e-02
-9.333556890487670898e-02
9.839641302824020386e-02
-1.158312335610389709e-01
-2.498368732631206512e-02
-5.791018530726432800e-02
-2.381954938173294067e-01
-5.585080385208129883e-02
-2.638825960457324982e-02
6.851277500391006470e-02
7.594546675682067871e-02
-4.176289215683937073e-02
1.609434634447097778e-01
-8.070089668035507202e-02
-1.788860261440277100e-01
-1.950374245643615723e-02
8.166953176259994507e-02
1.764951646327972412e-01
1.469075828790664673e-01
7.528781890869140625e-02
4.206230863928794861e-03
-9.688523411750793457e-02
1.353774517774581909e-01
-1.681645363569259644e-01
1.382683962583541870e-01
8.258737623691558838e-02
6.391723453998565674e-02
-5.344580858945846558e-04
8.048333227634429932e-02
-1.708524674177169800e-01
-1.224213093519210815e-02
1.331331729888916016e-01
-2.271499335765838623e-01
7.734803855419158936e-02
-4.648821800947189331e-02
-2.005119435489177704e-02
-6.030698865652084351e-02
5.308999214321374893e-03
1.362264305353164673e-01
8.777935802936553955e-02
-8.533189445734024048e-02
-1.667055785655975342e-01
1.686756759881973267e-01
-2.021076977252960205e-01
7.959013432264328003e-02
8.778198808431625366e-02
-3.987142816185951233e-02
-1.373657435178756714e-01
-3.136794567108154297e-01
4.210044443607330322e-02
4.162331521511077881e-01
1.330974102020263672e-01
-1.714637428522109985e-01
6.177518516778945923e-02
-1.057493314146995544e-01
-6.163679808378219604e-02
3.674094751477241516e-02
3.321593254804611206e-02
-1.449632644653320312e-01
4.606698080897331238e-02
-1.375563442707061768e-01
7.789064943790435791e-02
1.580271869897842407e-01
4.838338494300842285e-02
-2.493283338844776154e-02
2.178297489881515503e-01
1.638458296656608582e-02
3.525903448462486267e-02
4.745972156524658203e-02
1.215455234050750732e-01
-2.189319729804992676e-01
-2.712358161807060242e-02
-1.246538162231445312e-01
-6.049972400069236755e-02
1.047428697347640991e-01
-6.525226682424545288e-02
6.600514054298400879e-03
9.933133423328399658e-02
-2.158881276845932007e-01
1.212319061160087585e-01
3.141598077490925789e-03
-6.630264222621917725e-02
1.505638659000396729e-02
8.524657785892486572e-02
-9.020213037729263306e-02
-1.066593825817108154e-01
1.197699457406997681e-01
-2.228474020957946777e-01
1.445947736501693726e-01
1.614582687616348267e-01
2.733059972524642944e-02
2.077069282531738281e-01
9.318435192108154297e-02
8.755025267601013184e-02
3.682431951165199280e-02
-3.095673583447933197e-02
-8.945254236459732056e-02
-6.551214307546615601e-02
2.868724241852760315e-02
-5.977495014667510986e-02
1.320137381553649902e-01
6.331250071525573730e-02
